   0.0000000000000000        2.5000000000019340     
   1.0000000000000000E-002   1.0000000000013227     
   2.0000000000000000E-002  0.40000000000064972     
   2.9999999999999999E-002  0.16000000000027248     
   4.0000000000000001E-002   6.4000000000101490E-002
   5.0000000000000003E-002   2.5600000000033440E-002
   5.9999999999999998E-002   1.0239999997745429E-002
   7.0000000000000007E-002   4.0960000019680913E-003
   8.0000000000000002E-002   1.6384000010428595E-003
   8.9999999999999997E-002   6.5535999949728420E-004
  0.10000000000000001        2.6214399947840678E-004
  0.11000000000000000        1.0485759990658120E-004
  0.12000000000000000        4.1943040089444732E-005
  0.13000000000000000        1.6777216072317806E-005
  0.14000000000000001        6.7108864211636537E-006
  0.14999999999999999        2.6843545566913860E-006
  0.16000000000000000        1.0737418174999360E-006
  0.17000000000000001        4.2949672629498776E-007
  0.17999999999999999        1.7179869116384259E-007
  0.19000000000000000        6.8719477087410099E-008
  0.20000000000000001        2.7487791193805013E-008
  0.20999999999999999        1.0995116675734615E-008
  0.22000000000000000        4.3980468132169821E-009
  0.23000000000000001        1.7592188609643958E-009
  0.23999999999999999        7.0368768506891955E-010
  0.25000000000000000        2.8147521931103693E-010
  0.26000000000000001        1.1259023522777224E-010
  0.27000000000000002        4.5036242303589550E-011
  0.28000000000000003        1.8014645236471237E-011
  0.28999999999999998        7.2060063586495928E-012
  0.29999999999999999        2.8825507545940320E-012
  0.31000000000000000        1.1531684846600524E-012
  0.32000000000000001        4.6141556576392548E-013
  0.33000000000000002        1.8471439527448020E-013
  0.34000000000000002        7.4033926839079691E-014
  0.35000000000000003        2.9761739787001017E-014
  0.35999999999999999        1.2052865237192335E-014
  0.37000000000000000        4.9693155583265090E-015
  0.38000000000000000        2.1358957433506151E-015
  0.39000000000000001        1.0025278348243042E-015
  0.40000000000000002        5.4918067468998117E-016
  0.41000000000000003        3.6784181012173701E-016
  0.41999999999999998        2.9530626337420667E-016
  0.42999999999999999        2.6629204408561546E-016
  0.44000000000000000        2.5468635608905652E-016
  0.45000000000000001        2.5004408078076268E-016
  0.46000000000000002        2.4818717062291520E-016
  0.47000000000000003        2.4744440655224548E-016
  0.47999999999999998        2.4714730092414708E-016
  0.48999999999999999        2.4702845867419996E-016
  0.50000000000000000        2.4698092177524869E-016
  0.51000000000000001        2.4696190701618187E-016
  0.52000000000000002        2.4695430111271613E-016
  0.53000000000000003        2.4695125875144472E-016
  0.54000000000000004        2.4695004180695620E-016
  0.55000000000000004        2.4694955502916801E-016
  0.56000000000000005        2.4694936031804216E-016
  0.57000000000000006        2.4694928243361946E-016
  0.57999999999999996        2.4694925127981316E-016
  0.58999999999999997        2.4694923881830721E-016
  0.59999999999999998        2.4694923383370932E-016
  0.60999999999999999        2.4694923183986620E-016
  0.62000000000000000        2.4694923104232979E-016
  0.63000000000000000        2.4694923072331405E-016
  0.64000000000000001        2.4694923059570268E-016
  0.65000000000000002        2.4694923054466156E-016
  0.66000000000000003        2.4694923052424416E-016
  0.67000000000000004        2.4694923051607930E-016
  0.68000000000000005        2.4694923051280962E-016
  0.69000000000000006        2.4694923051150347E-016
  0.70000000000000007        2.4694923051098316E-016
  0.70999999999999996        2.4694923051077239E-016
  0.71999999999999997        2.4694923051069104E-016
  0.72999999999999998        2.4694923051065638E-016
  0.73999999999999999        2.4694923051064055E-016
  0.75000000000000000        2.4694923051063779E-016
  0.76000000000000001        2.4694923051063666E-016
  0.77000000000000002        2.4694923051063523E-016
  0.78000000000000003        2.4694923051063513E-016
  0.79000000000000004        2.4694923051063498E-016
  0.80000000000000004        2.4694923051063498E-016
  0.81000000000000005        2.4694923051063498E-016
  0.82000000000000006        2.4694923051063498E-016
  0.83000000000000007        2.4694923051063498E-016
  0.83999999999999997        2.4694923051063498E-016
  0.84999999999999998        2.4694923051063498E-016
  0.85999999999999999        2.4694923051063498E-016
  0.87000000000000000        2.4694923051063498E-016
  0.88000000000000000        2.4694923051063498E-016
  0.89000000000000001        2.4694923051063498E-016
  0.90000000000000002        2.4694923051063498E-016
  0.91000000000000003        2.4694923051063498E-016
  0.92000000000000004        2.4694923051063498E-016
  0.93000000000000005        2.4694923051063498E-016
  0.94000000000000006        2.4694923051063498E-016
  0.95000000000000007        2.4694923051063498E-016
  0.95999999999999996        2.4694923051063498E-016
  0.96999999999999997        2.4694923051063498E-016
  0.97999999999999998        2.4694923051063498E-016
  0.98999999999999999        2.4694923051063498E-016
